0 0.24344156682491302 0.7478336691856384 0.03270974010229111 0.13540469110012054
0 0.8361836671829224 0.36662232875823975 0.027111222967505455 0.07567308098077774
0 0.14775562286376953 0.37749195098876953 0.020657923072576523 0.0678626075387001
0 0.6878435611724854 0.31576332449913025 0.018318744376301765 0.04917310178279877
0 0.4008063077926636 0.35777950286865234 0.02490898407995701 0.06138806790113449
0 0.4791240692138672 0.3896675705909729 0.020804613828659058 0.06840258091688156
0 0.7021920680999756 0.45060083270072937 0.033455196768045425 0.08916390687227249
0 0.049234673380851746 0.5902504324913025 0.02969932183623314 0.11873001605272293
0 0.6577123403549194 0.3590431809425354 0.023235123604536057 0.07172471284866333
0 0.5260408520698547 0.31577736139297485 0.017481932416558266 0.048081621527671814
0 0.5471315383911133 0.3713494837284088 0.019638264551758766 0.07084091752767563
0 0.44391754269599915 0.40674909949302673 0.022837907075881958 0.06602349877357483
0 0.2713046073913574 0.33726897835731506 0.020490188151597977 0.06251443177461624
0 0.011600608937442303 0.4362705945968628 0.017530424520373344 0.06675875931978226
0 0.784734845161438 0.3551517128944397 0.02578212320804596 0.07473453134298325
0 0.6514068841934204 0.47032445669174194 0.04029375687241554 0.0857454389333725
0 0.7849683165550232 0.3135717809200287 0.02266046777367592 0.05755234509706497
1 0.44609375 0.44027777777777777 0.009375 0.016666666666666666
