0 0.09152576327323914 0.4486856460571289 0.022408422082662582 0.07744647562503815
0 0.3599182665348053 0.4447135329246521 0.01609143428504467 0.07688912749290466
0 0.6168922781944275 0.49601835012435913 0.016261067241430283 0.08378089964389801
0 0.6657968163490295 0.3229396641254425 0.014526617713272572 0.04898566007614136
0 0.882178008556366 0.3732214570045471 0.018761394545435905 0.06921467930078506
0 0.4114183187484741 0.3375658392906189 0.016161486506462097 0.055034976452589035
0 0.3535771071910858 0.30290672183036804 0.01710718870162964 0.05196397006511688
0 0.8504470586776733 0.28369420766830444 0.019992580637335777 0.06499451398849487
0 0.5404762625694275 0.4693833589553833 0.018685361370444298 0.08405549824237823
0 0.13697558641433716 0.3781435787677765 0.01890575885772705 0.06392565369606018
0 0.6402397155761719 0.8922474980354309 0.03267991542816162 0.16722626984119415
0 0.564285159111023 0.39522585272789 0.016907792538404465 0.053916946053504944
0 0.5417122840881348 0.3379417955875397 0.01619533821940422 0.05060795694589615
0 0.984183669090271 0.2848094701766968 0.01672719419002533 0.04565046355128288
0 0.5601204633712769 0.2969578504562378 0.013343540020287037 0.04105489328503609
0 0.60625 0.2625 0.017188 0.05
0 0.657031 0.279167 0.020313 0.061111
1 0.175 0.4131944444444444 0.0109375 0.0125
