0 0.18493464589118958 0.5411196947097778 0.017787357792258263 0.08803540468215942
0 0.3607824444770813 0.4250997304916382 0.01821923814713955 0.0732773020863533
0 0.5693527460098267 0.35285717248916626 0.01651640050113201 0.0512261837720871
0 0.42979228496551514 0.6058527827262878 0.022256525233387947 0.11365558207035065
0 0.810845136642456 0.38951948285102844 0.019949989393353462 0.055320464074611664
0 0.6938540935516357 0.4136326014995575 0.019896823912858963 0.07236011326313019
0 0.44617959856987 0.37970197200775146 0.018546463921666145 0.05201982334256172
0 0.3440306484699249 0.597244143486023 0.027872569859027863 0.10912856459617615
0 0.4588215947151184 0.5989671349525452 0.023837583139538765 0.11472645401954651
0 0.050970014184713364 0.4006488025188446 0.01723531261086464 0.05290551856160164
0 0.9765796065330505 0.4021967351436615 0.018896915018558502 0.06295149028301239
2 0.989453 0.34375 0.019531 0.115278
1 0.57890625 0.3784722222222222 0.0078125 0.015277777777777777
