0 0.19808699190616608 0.42406967282295227 0.0374058373272419 0.06633352488279343
0 0.5096374154090881 0.5242381691932678 0.031810980290174484 0.10927906632423401
0 0.6505258083343506 0.3546503484249115 0.024495067074894905 0.05816075578331947
0 0.47793152928352356 0.48898035287857056 0.021830229088664055 0.0861651748418808
0 0.14149054884910583 0.3852037787437439 0.030975675210356712 0.05763418227434158
0 0.636802613735199 0.5371702909469604 0.03298088535666466 0.0999552309513092
0 0.35575607419013977 0.43526607751846313 0.02478591725230217 0.07003694027662277
0 0.028131932020187378 0.3835582733154297 0.026029346510767937 0.056502629071474075
0 0.685062050819397 0.3042958676815033 0.01913563720881939 0.04594472795724869
0 0.8621350526809692 0.3553128242492676 0.02475658245384693 0.07475364953279495
0 0.7794904112815857 0.29936015605926514 0.020420419052243233 0.05172612518072128
0 0.3490930199623108 0.3232657015323639 0.01898101717233658 0.04572130739688873
0 0.8684281706809998 0.3679181635379791 0.02601681649684906 0.06665630638599396
0 0.37617096304893494 0.31156545877456665 0.016966264694929123 0.03940430283546448
1 0.423046875 0.3347222222222222 0.01328125 0.025
