0 0.7677438259124756 0.4897366762161255 0.028257951140403748 0.12382641434669495
0 0.34188830852508545 0.3678072392940521 0.021030832082033157 0.06743595749139786
0 0.7842088937759399 0.3328288495540619 0.025176582857966423 0.07303295284509659
0 0.2986866235733032 0.36998796463012695 0.019244683906435966 0.075225330889225
0 0.49618610739707947 0.3446369767189026 0.018005579710006714 0.0715852752327919
0 0.15670445561408997 0.608546793460846 0.024527519941329956 0.12715226411819458
0 0.175226628780365 0.42146554589271545 0.017572810873389244 0.0860859677195549
0 0.8513363599777222 0.28700119256973267 0.02128356136381626 0.06031176075339317
0 0.549663245677948 0.30449002981185913 0.013430671766400337 0.054795268923044205
0 0.194196879863739 0.9488164186477661 0.036988724023103714 0.10935171693563461
0 0.617499053478241 0.4725675582885742 0.02427026815712452 0.11402948945760727
0 0.9783903956413269 0.34185585379600525 0.027355708181858063 0.0831652358174324
0 0.6278823018074036 0.4070602059364319 0.017919840291142464 0.07183557748794556
0 0.4261617362499237 0.36993134021759033 0.021930163726210594 0.07555598020553589
0 0.9870030283927917 0.27185726165771484 0.016939213499426842 0.0562976598739624
0 0.49767017364501953 0.28898826241493225 0.016274351626634598 0.05122225359082222
0 0.42108723521232605 0.3167322874069214 0.014628167264163494 0.05068211257457733
1 0.398046875 0.3993055555555556 0.01640625 0.020833333333333332
