0 0.7209387421607971 0.338739275932312 0.01867734268307686 0.06994015723466873
0 0.2808000445365906 0.3821292519569397 0.02235790342092514 0.06970500200986862
0 0.06010359898209572 0.4604811668395996 0.02410385198891163 0.0937797799706459
0 0.07224813848733902 0.6656453609466553 0.03095685876905918 0.1441497504711151
0 0.9643917679786682 0.3513578176498413 0.023452460765838623 0.07823134958744049
0 0.34999391436576843 0.3538115918636322 0.01756799779832363 0.07004904747009277
0 0.7076953649520874 0.5108624696731567 0.026643337681889534 0.10385949909687042
0 0.14779725670814514 0.40014874935150146 0.029150668531656265 0.07775077223777771
0 0.44953951239585876 0.3044239282608032 0.017479777336120605 0.057957638055086136
0 0.3781678080558777 0.4005264639854431 0.016849035397171974 0.0679800882935524
0 0.3128355145454407 0.36115387082099915 0.01970783807337284 0.0584263950586319
0 0.9203149080276489 0.345138818025589 0.028772642835974693 0.07187043130397797
0 0.5694661140441895 0.49440738558769226 0.03338247910141945 0.10771729052066803
0 0.764030396938324 0.2894722521305084 0.021283384412527084 0.056758981198072433
0 0.8936989903450012 0.27909454703330994 0.017329880967736244 0.055723581463098526
0 0.5549329519271851 0.43777212500572205 0.022543301805853844 0.06963086873292923
0 0.11204174160957336 0.9822857975959778 0.03407616913318634 0.04091007634997368
2 0.8000802397727966 0.24731619656085968 0.1358625590801239 0.0773584321141243
1 0.269921875 0.40208333333333335 0.00859375 0.0125
