0 0.1221986711025238 0.5827252864837646 0.03554058074951172 0.13536882400512695
0 0.2098064422607422 0.8541162014007568 0.041679076850414276 0.16891925036907196
0 0.7345107793807983 0.45871686935424805 0.027934817597270012 0.10319817066192627
0 0.45386940240859985 0.38147369027137756 0.02177605964243412 0.06783753633499146
0 0.536068320274353 0.3546026647090912 0.01768193207681179 0.07749875634908676
0 0.612930953502655 0.3842225670814514 0.02154698595404625 0.07930365949869156
0 0.9569391012191772 0.347842812538147 0.031148860231041908 0.1008697971701622
0 0.5682721734046936 0.31172311305999756 0.015866152942180634 0.06475932896137238
0 0.12898553907871246 0.4122706949710846 0.01718207262456417 0.09121827036142349
0 0.27272793650627136 0.36615216732025146 0.02433980070054531 0.07693886756896973
0 0.3695929944515228 0.3220277428627014 0.014587839134037495 0.06429009139537811
0 0.6202583312988281 0.4698888063430786 0.024127913638949394 0.08324263244867325
0 0.3925016522407532 0.35874688625335693 0.016932528465986252 0.06815699487924576
0 0.7329044342041016 0.33818307518959045 0.02267228625714779 0.06705976277589798
0 0.898828 0.347222 0.017969 0.088889
0 0.801947295665741 0.2982144355773926 0.015005229972302914 0.05701379105448723
0 0.9199008345603943 0.2763002812862396 0.018716132268309593 0.06298420578241348
0 0.5302423238754272 0.28963789343833923 0.014150701463222504 0.05441392958164215
1 0.4609375 0.4125 0.009375 0.019444444444444445
