0 0.4603521227836609 0.5942235589027405 0.02585223689675331 0.10808256268501282
0 0.8624804615974426 0.39090025424957275 0.02085738070309162 0.08504136651754379
0 0.7993600368499756 0.41243183612823486 0.02036474086344242 0.07694513350725174
0 0.4648771286010742 0.4698048233985901 0.02270321361720562 0.08484340459108352
0 0.5253146886825561 0.43630579113960266 0.025371067225933075 0.08520347625017166
0 0.32089105248451233 0.3789673447608948 0.022114410996437073 0.06915363669395447
0 0.18230757117271423 0.5397663116455078 0.025149814784526825 0.08524314314126968
0 0.9335151314735413 0.34505346417427063 0.019258204847574234 0.07211412489414215
0 0.14402447640895843 0.5400638580322266 0.02838781848549843 0.1093430370092392
0 0.9887650609016418 0.3547161817550659 0.017038173973560333 0.06362336128950119
0 0.3347673714160919 0.46365559101104736 0.019590500742197037 0.08093888312578201
0 0.7834340333938599 0.33334362506866455 0.01584351807832718 0.06208472698926926
0 0.8293285369873047 0.32300621271133423 0.016012851148843765 0.06801792979240417
0 0.1194179430603981 0.4546884000301361 0.01864641346037388 0.091749407351017
0 0.5291843414306641 0.35186848044395447 0.017564969137310982 0.06638412177562713
0 0.6774284839630127 0.4824993312358856 0.03168097138404846 0.09965776652097702
0 0.6655520796775818 0.45405858755111694 0.021021295338869095 0.08095287531614303
1 0.593359375 0.31180555555555556 0.01484375 0.029166666666666667
