0 0.5219546556472778 0.5540526509284973 0.026201311498880386 0.12111548334360123
0 0.5142168998718262 0.37745925784111023 0.026581235229969025 0.07495307177305222
0 0.4497097432613373 0.5547328591346741 0.03148690238595009 0.10771462321281433
0 0.2607687711715698 0.4739989638328552 0.02679392695426941 0.07961679995059967
0 0.7482840418815613 0.3745904564857483 0.0178891159594059 0.07969267666339874
0 0.3833303153514862 0.5382210612297058 0.02583867684006691 0.1072499081492424
0 0.5720006227493286 0.3254275321960449 0.018229398876428604 0.05523667857050896
0 0.14878323674201965 0.34237295389175415 0.01422963198274374 0.057470399886369705
0 0.6326900124549866 0.3140885531902313 0.02280336618423462 0.05079855024814606
0 0.7995507717132568 0.3565674424171448 0.015848595649003983 0.07496960461139679
0 0.183594 0.302778 0.020313 0.066667
1 0.621484375 0.3347222222222222 0.00859375 0.016666666666666666
