0 0.5358284115791321 0.5609827041625977 0.015717893838882446 0.05550142005085945
0 0.14707717299461365 0.7200363874435425 0.018478188663721085 0.08233918249607086
0 0.43969714641571045 0.7865742444992065 0.03148144856095314 0.10610681027173996
0 0.6572971940040588 0.7083418965339661 0.019322901964187622 0.0843576118350029
0 0.24805809557437897 0.9049568176269531 0.027148796245455742 0.12095730751752853
0 0.3902408182621002 0.4882665276527405 0.012234817259013653 0.04260435327887535
0 0.5890054702758789 0.7997695207595825 0.027466893196105957 0.11083842068910599
0 0.8867409229278564 0.6142734885215759 0.025903183966875076 0.06956640630960464
0 0.46521636843681335 0.9330346584320068 0.02825736068189144 0.10798346996307373
0 0.25766921043395996 0.7453170418739319 0.01957259327173233 0.08247696608304977
0 0.0839962437748909 0.4962323009967804 0.014489550143480301 0.04952133446931839
0 0.8282671570777893 0.4869566559791565 0.01701699011027813 0.03895193338394165
0 0.9941751956939697 0.7596402764320374 0.01359310932457447 0.06922941654920578
0 0.10853277891874313 0.5762370228767395 0.017585325986146927 0.05592884495854378
2 0.8606244325637817 0.447433739900589 0.10310870409011841 0.08518197387456894
0 0.414453 0.563194 0.010156 0.070833
1 0.87109375 0.6604166666666667 0.0125 0.018055555555555554
